err_6: -0.113461273397
err_5: -0.0011326458828
err_4: -0.00139622186704
err_3: -0.0163076740898

w_56: 0.372989171348
w_46: 0.679690432062
w_36: -0.0984153698055

err_2: -0.0831999900082
err_1: -0.0
w_25: 0.488673541172
w_24: -3.01396221867
w_23: 1.8369232591
w_15: 3.98867354117
w_14: 1.98603778133
w_13: -3.1630767409